0.01 0.01
0.02 0.019999
0.03 0.029995
0.04 0.039986
0.05 0.04997
0.06 0.059945
0.07 0.0699091
0.08 0.0798602
0.09 0.0897963
0.1 0.0997155
0.11 0.109616
0.12 0.119495
0.13 0.129352
0.14 0.139184
0.15 0.148989
0.16 0.158766
0.17 0.168512
0.18 0.178226
0.19 0.187905
0.2 0.197549
0.21 0.207154
0.22 0.216719
0.23 0.226243
0.24 0.235723
0.25 0.245158
0.26 0.254546
0.27 0.263885
0.28 0.273174
0.29 0.28241
0.3 0.291593
0.31 0.300719
0.32 0.309789
0.33 0.318799
0.34 0.327749
0.35 0.336637
0.36 0.345461
0.37 0.35422
0.38 0.362913
0.39 0.371537
0.4 0.380091
0.41 0.388575
0.42 0.396986
0.43 0.405323
0.44 0.413585
0.45 0.421771
0.46 0.429879
0.47 0.437908
0.48 0.445857
0.49 0.453725
0.5 0.46151
0.51 0.469211
0.52 0.476828
0.53 0.484359
0.54 0.491804
0.55 0.49916
0.56 0.506428
0.57 0.513607
0.58 0.520695
0.59 0.527691
0.6 0.534596
0.61 0.541408
0.62 0.548126
0.63 0.55475
0.64 0.561279
0.65 0.567713
0.66 0.57405
0.67 0.580291
0.68 0.586435
0.69 0.592481
0.7 0.598429
0.71 0.604279
0.72 0.61003
0.73 0.615682
0.74 0.621235
0.75 0.626689
0.76 0.632042
0.77 0.637296
0.78 0.64245
0.79 0.647504
0.8 0.652458
0.81 0.657312
0.82 0.662066
0.83 0.66672
0.84 0.671275
0.85 0.67573
0.86 0.680086
0.87 0.684343
0.88 0.688501
0.89 0.69256
0.9 0.696522
0.91 0.700386
0.92 0.704153
0.93 0.707823
0.94 0.711397
0.95 0.714875
0.96 0.718259
0.97 0.721548
0.98 0.724744
0.99 0.727847
1 0.730857
1.01 0.733776
1.02 0.736605
1.03 0.739344
1.04 0.741995
1.05 0.744557
1.06 0.747033
1.07 0.749423
1.08 0.751728
1.09 0.75395
1.1 0.756089
1.11 0.758146
1.12 0.760123
1.13 0.762022
1.14 0.763842
1.15 0.765586
1.16 0.767254
1.17 0.768849
1.18 0.770371
1.19 0.771822
1.2 0.773204
1.21 0.774517
1.22 0.775763
1.23 0.776944
1.24 0.778061
1.25 0.779116
1.26 0.78011
1.27 0.781045
1.28 0.781923
1.29 0.782745
1.3 0.783513
1.31 0.784229
1.32 0.784894
1.33 0.78551
1.34 0.786078
1.35 0.786602
1.36 0.787081
1.37 0.787519
1.38 0.787917
1.39 0.788276
1.4 0.7886
1.41 0.788889
1.42 0.789145
1.43 0.789371
1.44 0.789568
1.45 0.789738
1.46 0.789883
1.47 0.790005
1.48 0.790106
1.49 0.790189
1.5 0.790254
1.51 0.790304
1.52 0.790341
1.53 0.790367
1.54 0.790383
1.55 0.790393
1.56 0.790397
1.57 0.790398
1.58 0.790398
1.59 0.790399
1.6 0.790403
1.61 0.790411
1.62 0.790427
1.63 0.790451
1.64 0.790486
1.65 0.790534
1.66 0.790596
1.67 0.790676
1.68 0.790774
1.69 0.790892
1.7 0.791034
1.71 0.7912
1.72 0.791392
1.73 0.791613
1.74 0.791865
1.75 0.792148
1.76 0.792466
1.77 0.79282
1.78 0.793211
1.79 0.793643
1.8 0.794115
1.81 0.794632
1.82 0.795193
1.83 0.795801
1.84 0.796458
1.85 0.797166
1.86 0.797925
1.87 0.798738
1.88 0.799607
1.89 0.800533
1.9 0.801518
1.91 0.802563
1.92 0.80367
1.93 0.804841
1.94 0.806077
1.95 0.807379
1.96 0.808749
1.97 0.810189
1.98 0.8117
1.99 0.813283
2 0.81494
2.01 0.816672
2.02 0.81848
2.03 0.820365
2.04 0.82233
2.05 0.824375
2.06 0.8265
2.07 0.828709
2.08 0.831001
2.09 0.833377
2.1 0.835839
2.11 0.838388
2.12 0.841024
2.13 0.843749
2.14 0.846563
2.15 0.849468
2.16 0.852464
2.17 0.855552
2.18 0.858733
2.19 0.862007
2.2 0.865376
2.21 0.868839
2.22 0.872398
2.23 0.876053
2.24 0.879804
2.25 0.883653
2.26 0.887599
2.27 0.891643
2.28 0.895785
2.29 0.900026
2.3 0.904366
2.31 0.908805
2.32 0.913344
2.33 0.917982
2.34 0.92272
2.35 0.927558
2.36 0.932497
2.37 0.937535
2.38 0.942673
2.39 0.947911
2.4 0.953248
2.41 0.958686
2.42 0.964223
2.43 0.969859
2.44 0.975595
2.45 0.981429
2.46 0.987361
2.47 0.993392
2.48 0.99952
2.49 1.00575
2.5 1.01207
2.51 1.01849
2.52 1.025
2.53 1.03161
2.54 1.03831
2.55 1.04511
2.56 1.052
2.57 1.05898
2.58 1.06605
2.59 1.07322
2.6 1.08047
2.61 1.08781
2.62 1.09525
2.63 1.10276
2.64 1.11037
2.65 1.11805
2.66 1.12583
2.67 1.13368
2.68 1.14162
2.69 1.14963
2.7 1.15773
2.71 1.1659
2.72 1.17415
2.73 1.18248
2.74 1.19088
2.75 1.19935
2.76 1.20789
2.77 1.21651
2.78 1.22519
2.79 1.23394
2.8 1.24275
2.81 1.25163
2.82 1.26057
2.83 1.26957
2.84 1.27863
2.85 1.28775
2.86 1.29692
2.87 1.30615
2.88 1.31543
2.89 1.32476
2.9 1.33414
2.91 1.34357
2.92 1.35304
2.93 1.36256
2.94 1.37212
2.95 1.38172
2.96 1.39135
2.97 1.40103
2.98 1.41073
2.99 1.42048
3 1.43025
3.01 1.44005
3.02 1.44988
3.03 1.45973
3.04 1.46961
3.05 1.4795
3.06 1.48942
3.07 1.49935
3.08 1.5093
3.09 1.51926
3.1 1.52924
3.11 1.53922
3.12 1.54921
3.13 1.55921
3.14 1.5692
3.15 1.5792
3.16 1.5892
3.17 1.5992
3.18 1.60919
3.19 1.61918
3.2 1.62915
3.21 1.63912
3.22 1.64907
3.23 1.65901
3.24 1.66893
3.25 1.67884
3.26 1.68872
3.27 1.69858
3.28 1.70842
3.29 1.71823
3.3 1.72801
3.31 1.73776
3.32 1.74748
3.33 1.75716
3.34 1.76681
3.35 1.77642
3.36 1.786
3.37 1.79553
3.38 1.80501
3.39 1.81446
3.4 1.82385
3.41 1.8332
3.42 1.84249
3.43 1.85174
3.44 1.86093
3.45 1.87007
3.46 1.87914
3.47 1.88816
3.48 1.89712
3.49 1.90602
3.5 1.91486
3.51 1.92363
3.52 1.93233
3.53 1.94096
3.54 1.94953
3.55 1.95802
3.56 1.96645
3.57 1.9748
3.58 1.98307
3.59 1.99127
3.6 1.99939
3.61 2.00743
3.62 2.01539
3.63 2.02327
3.64 2.03107
3.65 2.03879
3.66 2.04642
3.67 2.05396
3.68 2.06142
3.69 2.06879
3.7 2.07607
3.71 2.08327
3.72 2.09037
3.73 2.09738
3.74 2.1043
3.75 2.11113
3.76 2.11786
3.77 2.1245
3.78 2.13104
3.79 2.13749
3.8 2.14384
3.81 2.1501
3.82 2.15626
3.83 2.16232
3.84 2.16828
3.85 2.17415
3.86 2.17992
3.87 2.18559
3.88 2.19115
3.89 2.19662
3.9 2.20199
3.91 2.20726
3.92 2.21243
3.93 2.2175
3.94 2.22247
3.95 2.22734
3.96 2.23211
3.97 2.23678
3.98 2.24135
3.99 2.24582
4 2.2502
4.01 2.25447
4.02 2.25864
4.03 2.26272
4.04 2.26669
4.05 2.27057
4.06 2.27436
4.07 2.27804
4.08 2.28163
4.09 2.28512
4.1 2.28852
4.11 2.29183
4.12 2.29504
4.13 2.29815
4.14 2.30118
4.15 2.30411
4.16 2.30696
4.17 2.30971
4.18 2.31237
4.19 2.31495
4.2 2.31744
4.21 2.31984
4.22 2.32216
4.23 2.3244
4.24 2.32655
4.25 2.32862
4.26 2.33061
4.27 2.33252
4.28 2.33435
4.29 2.33611
4.3 2.33779
4.31 2.3394
4.32 2.34093
4.33 2.34239
4.34 2.34378
4.35 2.34511
4.36 2.34637
4.37 2.34756
4.38 2.34868
4.39 2.34975
4.4 2.35075
4.41 2.3517
4.42 2.35258
4.43 2.35341
4.44 2.35419
4.45 2.35491
4.46 2.35559
4.47 2.35621
4.48 2.35679
4.49 2.35732
4.5 2.3578
4.51 2.35825
4.52 2.35865
4.53 2.35902
4.54 2.35935
4.55 2.35964
4.56 2.3599
4.57 2.36013
4.58 2.36033
4.59 2.36051
4.6 2.36066
4.61 2.36078
4.62 2.36089
4.63 2.36097
4.64 2.36104
4.65 2.36109
4.66 2.36113
4.67 2.36116
4.68 2.36118
4.69 2.36119
4.7 2.36119
4.71 2.36119
4.72 2.36119
4.73 2.3612
4.74 2.3612
4.75 2.36121
4.76 2.36122
4.77 2.36124
4.78 2.36128
4.79 2.36132
4.8 2.36138
4.81 2.36146
4.82 2.36155
4.83 2.36167
4.84 2.36181
4.85 2.36197
4.86 2.36216
4.87 2.36237
4.88 2.36262
4.89 2.3629
4.9 2.36321
4.91 2.36356
4.92 2.36394
4.93 2.36437
4.94 2.36483
4.95 2.36534
4.96 2.3659
4.97 2.3665
4.98 2.36715
4.99 2.36785
5 2.3686
5.01 2.3694
5.02 2.37026
5.03 2.37118
5.04 2.37215
5.05 2.37319
5.06 2.37429
5.07 2.37545
5.08 2.37667
5.09 2.37796
5.1 2.37932
5.11 2.38075
5.12 2.38225
5.13 2.38382
5.14 2.38547
5.15 2.38719
5.16 2.38898
5.17 2.39086
5.18 2.39281
5.19 2.39484
5.2 2.39695
5.21 2.39915
5.22 2.40143
5.23 2.40379
5.24 2.40624
5.25 2.40877
5.26 2.41139
5.27 2.41411
5.28 2.41691
5.29 2.4198
5.3 2.42278
5.31 2.42585
5.32 2.42902
5.33 2.43228
5.34 2.43563
5.35 2.43908
5.36 2.44262
5.37 2.44626
5.38 2.45
5.39 2.45383
5.4 2.45776
5.41 2.46179
5.42 2.46591
5.43 2.47014
5.44 2.47446
5.45 2.47889
5.46 2.48341
5.47 2.48803
5.48 2.49276
5.49 2.49758
5.5 2.5025
5.51 2.50752
5.52 2.51264
5.53 2.51787
5.54 2.52319
5.55 2.52861
5.56 2.53413
5.57 2.53975
5.58 2.54547
5.59 2.55129
5.6 2.55721
5.61 2.56322
5.62 2.56933
5.63 2.57554
5.64 2.58185
5.65 2.58825
5.66 2.59475
5.67 2.60135
5.68 2.60803
5.69 2.61482
5.7 2.62169
5.71 2.62866
5.72 2.63572
5.73 2.64287
5.74 2.65011
5.75 2.65744
5.76 2.66485
5.77 2.67236
5.78 2.67995
5.79 2.68762
5.8 2.69538
5.81 2.70322
5.82 2.71114
5.83 2.71915
5.84 2.72723
5.85 2.73539
5.86 2.74363
5.87 2.75194
5.88 2.76033
5.89 2.76879
5.9 2.77732
5.91 2.78593
5.92 2.7946
5.93 2.80333
5.94 2.81214
5.95 2.82101
5.96 2.82994
5.97 2.83893
5.98 2.84798
5.99 2.85709
6 2.86625
6.01 2.87547
6.02 2.88474
6.03 2.89407
6.04 2.90344
6.05 2.91286
6.06 2.92232
6.07 2.93183
6.08 2.94139
6.09 2.95098
6.1 2.96061
6.11 2.97028
6.12 2.97998
6.13 2.98972
6.14 2.99949
6.15 3.00928
6.16 3.01911
6.17 3.02896
6.18 3.03883
6.19 3.04872
6.2 3.05863
6.21 3.06857
6.22 3.07851
6.23 3.08847
6.24 3.09844
6.25 3.10843
6.26 3.11841
6.27 3.12841
6.28 3.13841
6.29 3.14841
6.3 3.15841
6.31 3.1684
6.32 3.1784
6.33 3.18838
6.34 3.19836
6.35 3.20833
6.36 3.21828
6.37 3.22823
6.38 3.23815
6.39 3.24806
6.4 3.25794
6.41 3.26781
6.42 3.27765
6.43 3.28746
6.44 3.29725
6.45 3.307
6.46 3.31673
6.47 3.32642
6.48 3.33607
6.49 3.34569
6.5 3.35527
6.51 3.36481
6.52 3.3743
6.53 3.38375
6.54 3.39315
6.55 3.40251
6.56 3.41181
6.57 3.42107
6.58 3.43027
6.59 3.43941
6.6 3.4485
6.61 3.45753
6.62 3.4665
6.63 3.47541
6.64 3.48425
6.65 3.49303
6.66 3.50174
6.67 3.51039
6.68 3.51897
6.69 3.52747
6.7 3.53591
6.71 3.54427
6.72 3.55255
6.73 3.56076
6.74 3.5689
6.75 3.57695
6.76 3.58493
6.77 3.59282
6.78 3.60063
6.79 3.60836
6.8 3.616
6.81 3.62356
6.82 3.63103
6.83 3.63842
6.84 3.64572
6.85 3.65292
6.86 3.66004
6.87 3.66707
6.88 3.674
6.89 3.68084
6.9 3.68759
6.91 3.69424
6.92 3.7008
6.93 3.70727
6.94 3.71363
6.95 3.71991
6.96 3.72608
6.97 3.73216
6.98 3.73814
6.99 3.74402
7 3.7498
7.01 3.75549
7.02 3.76107
7.03 3.76655
7.04 3.77194
7.05 3.77723
7.06 3.78241
7.07 3.7875
7.08 3.79248
7.09 3.79737
7.1 3.80216
7.11 3.80684
7.12 3.81143
7.13 3.81591
7.14 3.8203
7.15 3.82459
7.16 3.82878
7.17 3.83287
7.18 3.83686
7.19 3.84076
7.2 3.84456
7.21 3.84826
7.22 3.85186
7.23 3.85537
7.24 3.85878
7.25 3.8621
7.26 3.86533
7.27 3.86846
7.28 3.8715
7.29 3.87445
7.3 3.87731
7.31 3.88007
7.32 3.88275
7.33 3.88534
7.34 3.88785
7.35 3.89026
7.36 3.8926
7.37 3.89484
7.38 3.89701
7.39 3.89909
7.4 3.90109
7.41 3.90302
7.42 3.90486
7.43 3.90663
7.44 3.90832
7.45 3.90994
7.46 3.91149
7.47 3.91296
7.48 3.91436
7.49 3.9157
7.5 3.91697
7.51 3.91817
7.52 3.9193
7.53 3.92038
7.54 3.92139
7.55 3.92235
7.56 3.92324
7.57 3.92408
7.58 3.92487
7.59 3.9256
7.6 3.92628
7.61 3.92691
7.62 3.92749
7.63 3.92803
7.64 3.92853
7.65 3.92898
7.66 3.92939
7.67 3.92976
7.68 3.93009
7.69 3.93039
7.7 3.93066
7.71 3.93089
7.72 3.9311
7.73 3.93128
7.74 3.93143
7.75 3.93156
7.76 3.93167
7.77 3.93176
7.78 3.93183
7.79 3.93188
7.8 3.93192
7.81 3.93195
7.82 3.93197
7.83 3.93198
7.84 3.93199
7.85 3.93199
7.86 3.93199
7.87 3.93199
7.88 3.93199
7.89 3.932
7.9 3.93201
7.91 3.93203
7.92 3.93207
7.93 3.93211
7.94 3.93217
7.95 3.93224
7.96 3.93233
7.97 3.93244
7.98 3.93258
7.99 3.93274
8 3.93292
8.01 3.93313
8.02 3.93337
8.03 3.93365
8.04 3.93395
8.05 3.9343
8.06 3.93467
8.07 3.93509
8.08 3.93555
8.09 3.93606
8.1 3.9366
8.11 3.9372
8.12 3.93784
8.13 3.93853
8.14 3.93927
8.15 3.94007
8.16 3.94092
8.17 3.94182
8.18 3.94279
8.19 3.94382
8.2 3.9449
8.21 3.94605
8.22 3.94727
8.23 3.94855
8.24 3.9499
8.25 3.95132
8.26 3.9528
8.27 3.95436
8.28 3.956
8.29 3.9577
8.3 3.95949
8.31 3.96135
8.32 3.96329
8.33 3.96531
8.34 3.96741
8.35 3.96959
8.36 3.97185
8.37 3.9742
8.38 3.97664
8.39 3.97916
8.4 3.98177
8.41 3.98446
8.42 3.98725
8.43 3.99013
8.44 3.99309
8.45 3.99615
8.46 3.9993
8.47 4.00255
8.48 4.00589
8.49 4.00932
8.5 4.01285
8.51 4.01647
8.52 4.02019
8.53 4.02401
8.54 4.02792
8.55 4.03194
8.56 4.03605
8.57 4.04026
8.58 4.04457
8.59 4.04897
8.6 4.05348
8.61 4.05809
8.62 4.06279
8.63 4.0676
8.64 4.07251
8.65 4.07751
8.66 4.08262
8.67 4.08782
8.68 4.09313
8.69 4.09854
8.7 4.10404
8.71 4.10965
8.72 4.11535
8.73 4.12115
8.74 4.12705
8.75 4.13305
8.76 4.13915
8.77 4.14534
8.78 4.15164
8.79 4.15802
8.8 4.16451
8.81 4.17109
8.82 4.17776
8.83 4.18453
8.84 4.19139
8.85 4.19834
8.86 4.20538
8.87 4.21252
8.88 4.21974
8.89 4.22706
8.9 4.23446
8.91 4.24195
8.92 4.24953
8.93 4.25719
8.94 4.26493
8.95 4.27276
8.96 4.28067
8.97 4.28866
8.98 4.29673
8.99 4.30488
9 4.31311
9.01 4.32141
9.02 4.32979
9.03 4.33824
9.04 4.34676
9.05 4.35535
9.06 4.36401
9.07 4.37273
9.08 4.38153
9.09 4.39039
9.1 4.39931
9.11 4.40829
9.12 4.41733
9.13 4.42643
9.14 4.43558
9.15 4.4448
9.16 4.45406
9.17 4.46337
9.18 4.47274
9.19 4.48215
9.2 4.49161
9.21 4.50111
9.22 4.51066
9.23 4.52025
9.24 4.52987
9.25 4.53953
9.26 4.54923
9.27 4.55896
9.28 4.56872
9.29 4.57852
9.3 4.58834
9.31 4.59818
9.32 4.60805
9.33 4.61794
9.34 4.62785
9.35 4.63778
9.36 4.64772
9.37 4.65768
9.38 4.66765
9.39 4.67763
9.4 4.68762
9.41 4.69761
9.42 4.70761
9.43 4.71761
9.44 4.72761
9.45 4.73761
9.46 4.7476
9.47 4.75759
9.48 4.76757
9.49 4.77754
9.5 4.7875
9.51 4.79744
9.52 4.80737
9.53 4.81728
9.54 4.82717
9.55 4.83703
9.56 4.84688
9.57 4.8567
9.58 4.86649
9.59 4.87625
9.6 4.88598
9.61 4.89567
9.62 4.90533
9.63 4.91496
9.64 4.92454
9.65 4.93409
9.66 4.94359
9.67 4.95305
9.68 4.96246
9.69 4.97182
9.7 4.98113
9.71 4.99039
9.72 4.9996
9.73 5.00875
9.74 5.01785
9.75 5.02689
9.76 5.03587
9.77 5.04479
9.78 5.05364
9.79 5.06243
9.8 5.07116
9.81 5.07981
9.82 5.0884
9.83 5.09692
9.84 5.10537
9.85 5.11374
9.86 5.12204
9.87 5.13026
9.88 5.1384
9.89 5.14647
9.9 5.15446
9.91 5.16236
9.92 5.17019
9.93 5.17793
9.94 5.18559
9.95 5.19316
9.96 5.20065
9.97 5.20805
9.98 5.21536
9.99 5.22258
10 5.22971
